11580.txt 4 0 7 0 0 12 19 3 high 2.3684210526315788
11717.txt 9 0 13 0 0 16 23 4 high 3.25
12533.txt 4 0 11 0 0 11 32 5 high 4.2
14397.txt 7 0 7 0 0 10 25 3 high 3.466666666666667
22698.txt 2 0 11 0 0 28 20 3 high 2.5600000000000005
23062.txt 7 0 10 0 0 20 29 4 high 5.000000000000001
30159.txt 10 0 9 0 0 12 27 4 high 4.428571428571429
30584.txt 9 0 16 0 0 22 22 3 high 3.6
32672.txt 3 0 6 0 0 13 23 3 high 2.526315789473684
32900.txt 16 0 2 0 0 8 26 3 high 4.230769230769231
10215.txt 25 0 4 0 0 12 21 3 medium 4.333333333333333
18772.txt 11 0 5 0 0 18 15 2 medium 1.7586206896551724
22597.txt 6 0 5 0 0 8 20 4 medium 2.6875
23897.txt 7 0 8 0 0 15 24 4 medium 3.8666666666666667
23976.txt 3 0 6 0 0 12 26 4 medium 3.642857142857143
25431.txt 14 0 1 0 0 4 36 4 medium 7.375
26125.txt 10 0 9 0 0 10 21 4 medium 3.0
26917.txt 9 0 6 0 0 14 22 5 medium 3.2941176470588234
29693.txt 7 0 3 0 0 13 23 3 medium 3.266666666666667
7965.txt 17 0 11 0 0 8 22 3 medium 4.6923076923076925
106467.txt 15 0 2 0 0 9 23 3 low 4.7272727272727275
107740.txt 3 0 4 0 0 7 19 2 low 2.692307692307692
129378.txt 6 0 4 0 0 9 13 1 low 2.2
131324.txt 11 0 2 0 0 8 15 2 low 2.533333333333333
14471.txt 18 0 3 0 0 15 11 2 low 1.8846153846153846
22249.txt 4 0 9 0 0 10 19 3 low 2.8125
5105.txt 30 0 3 0 0 13 76 10 low 26.4
59730.txt 5 0 5 0 0 2 16 2 low 2.4999999999999996
81218.txt 19 0 3 0 0 5 24 5 low 8.0
92842.txt 6 0 8 0 0 5 12 1 low 1.8823529411764708
